2.53527
2.51245
2.40979
2.6446
3.18934
2.90984
3.23112
3.17023
2.79859
3.16221
2.78995
2.90262
0.940622
1.93608
1.90376
1.37984
2.07086
1.82157
2.87768
2.84548
3.19325
3.27352
3.04792
3.19893
3.07901
3.05095
3.01467
3.2802
2.92524
2.86611
3.16865
3.17344
3.2117
3.02508
3.10726
3.02424
2.85604
3.06565
1.03882
2.18505
1.59058
1.30332
3.0632
0.508162
0.631284
3.21625
3.12995
3.15882
2.50934
2.69868
1.85634
2.78773
0.574715
3.27243
3.13331
3.22701
3.2451
3.13662
3.2665
3.08471
2.97657
3.24246
3.2394
3.22
3.29688
3.11376
2.84614
3.28283
2.9159
3.22458
2.93229
2.90929
2.9029
3.26459
3.17732
3.26197
3.15939
3.15909
3.2813
3.00023
3.21532
2.94735
3.18853
3.10817
3.25458
2.88299
1.1581
2.9227
2.96338
0.534471
1.26655
2.86052
1.06991
1.34544
3.17913
1.92167
2.20001
2.81132
3.24751
2.99449
2.98288
2.73368
3.16824
2.99609
1.27045
1.3162
2.5729
3.0378
2.48904
3.18932
0.730778
0.745797
3.06429
0.710771
0.748454
0.753838
3.26441
0.75788
0.831326
2.88531
0.81242
0.93166
0.737134
0.716563
3.25638
2.91649
3.11877
1.44828
1.44948
3.20903
3.21682
2.9905
1.58171
3.12838
3.09491
3.10075
1.53254
3.05875
2.7118
1.07704
3.14142
3.13261
3.21272
3.06178
3.22691
2.90768
3.27022
3.15986
3.19786
3.10231
3.19072
2.97141
3.20268
3.23994
2.96994
3.07806
3.11085
2.91024
2.92416
1.1186
1.12332
1.81787
1.09378
3.2145
2.81163
1.29344
2.20749
1.89697
2.61472
2.64887
2.23864
3.1772
3.19525
3.2953
3.27367
2.99137
3.09448
1.29042
3.22389
2.15181
2.85938
1.43753
2.92
2.17986
1.91212
1.89299
1.86617
1.35385
1.27105
1.66585
2.12873
2.5707
1.70163
3.03
2.84297
1.13954
3.1842
1.83533
3.24092
3.11061
1.66808
2.44072
1.38895
1.73869
3.26545
3.02273
3.12899
3.22871
3.07829
3.18458
3.01227
2.9039
3.2258
3.00453
3.19541
2.93763
2.95316
3.26721
1.54616
2.86066
2.90643
3.06458
3.08206
1.03149
0.97392
0.735497
1.25654
3.2216
2.97765
3.05506
2.93617
3.01516
2.23747
3.25352
3.24961
3.24499
3.23386
3.1236
3.09881
3.09108
3.17634
1.60434
3.16024
3.16619
1.05605
1.02686
1.13229
0.878386
2.38481
1.22302
0.724746
1.63213
1.39876
2.29724
2.14004
2.88947
2.85965
2.62928
3.12544
1.62008
1.09069
1.31837
0.540166
0.535437
0.44987
0.545858
2.0365
2.20968
1.86333
1.04972
1.82336
0.976438
3.12931
1.00706
2.88586
3.27076
0.797132
1.11052
2.80371
2.30951
2.89243
2.57422
1.18634
1.11289
3.09021
2.93072
2.47775
2.82012
1.07724
3.05539
3.26164
3.19537
2.95897
3.20728
3.16224
2.87679
1.11751
1.8688
0.99031
3.10944
3.0651
2.91143
3.06897
2.08827
3.18084
3.12446
3.08036
3.25356
3.27999
3.08074
3.0886
3.20849
3.14208
3.10733
2.97614
3.25683
2.94192
2.84865
3.07208
3.2015
3.09937
2.85615
2.98106
2.94293
2.9198
3.12503
2.18075
3.23146
2.30715
3.18826
2.16679
3.17145
2.16832
3.29037
1.25289
3.1071
3.25512
1.13222
2.09207
3.15854
1.40241
1.44506
2.71827
2.32965
0.485328
1.01534
1.02581
3.22249
1.1392
1.17435
3.05275
0.933417
0.670154
0.743526
0.441775
0.48702
1.44905
0.444376
0.471868
3.08211
2.61594
2.47762
1.65505
2.74067
3.2276
3.03181
3.22843
3.18462
2.49064
2.8586
2.8166
2.9741
2.98271
3.17043
2.93243
3.23659
2.65402
3.20811
3.16822
3.27091
3.22171
3.15525
3.09336
3.09174
3.28334
3.23327
3.14182
3.29973
3.15769
3.02542
3.20809
3.02518
2.88773
3.25469
2.80845
3.0737
2.86552
3.21214
2.92897
3.21862
3.28686
3.29334
0.765728
1.97886
0.68459
1.9129
1.47076
3.11259
3.25178
3.23885
2.09073
3.07994
1.24357
2.97302
1.2492
1.70179
1.29671
1.95895
1.44545
2.4979
2.00632
1.29069
2.97988
1.34584
3.00436
3.09146
2.9709
3.0046
2.81251
3.11076
2.53688
3.18962
3.20007
2.93725
3.15348
2.99424
3.21406
3.18667
3.19309
2.99706
3.05318
3.09672
2.25127
1.16776
0.969894
2.56559
1.55689
0.784375
0.822311
2.50897
2.46919
1.72035
3.26325
2.89676
2.97335
3.15131
2.18309
2.27978
2.3968
3.24646
3.07469
2.89019
3.19913
3.0616
2.9814
3.24538
3.28766
3.21205
3.01132
1.2336
3.26829
1.98829
3.28345
2.95827
2.98945
2.98667
3.08219
3.0552
2.90668
2.95383
1.57594
3.2552
2.81109
2.54315
2.78022
3.25215
2.36255
3.01324
1.23179
2.13102
3.11513
1.93304
2.64399
3.25136
3.06949
1.38079
2.58281
3.28623
3.08388
3.26497
2.9459
1.56138
2.6562
1.1162
2.77163
2.24122
1.40967
2.27182
1.84867
2.66037
3.14305
2.42795
2.90793
3.27959
2.29334
2.5137
2.9447
3.20918
3.21912
3.04742
2.58956
3.21215
3.06228
2.83156
3.24942
3.05782
3.10966
2.86663
2.6139
1.2729
3.05892
3.28816
3.0001
3.14416
1.35203
3.13388
3.15838
2.33793
2.92759
3.27612
2.79013
3.03978
3.20588
3.06176
3.2216
3.29019
3.12994
3.06687
1.6727
1.69351
1.3076
1.70448
1.89244
1.74339
1.91125
1.08311
1.30227
2.49044
0.85079
1.82885
1.93992
1.06255
1.12601
3.22124
1.11637
1.83797
3.11054
3.24979
1.93624
2.54097
3.02546
3.26362
2.8207
2.84876
3.27976
3.17248
2.38183
3.19199
2.66387
3.20569
2.94206
1.21503
1.2436
2.09553
3.25163
1.22839
1.39832
1.26824
2.83585
1.17569
3.11936
3.06938
3.04135
2.86741
3.08924
3.29456
1.27114
3.03041
3.1024
3.29131
2.24699
1.29813
1.52226
2.53597
2.54099
2.16183
3.19317
2.79803
1.39632
1.36754
3.10495
1.89838
3.00911
2.92394
1.3707
3.24767
3.19834
2.3741
0.663041
0.694358
0.675634
0.698207
3.15756
0.743743
0.709259
0.778216
2.99214
1.82965
2.65695
3.171
3.13335
1.4608
1.16711
0.743102
0.827356
2.75795
2.67639
2.85595
2.76514
1.73953
2.38214
2.07285
1.94335
2.85726
3.10976
1.70083
2.85246
3.19827
2.77779
2.86928
2.97567
3.18072
3.01951
1.99374
2.5674
1.44727
3.16876
3.16045
3.26938
2.74345
2.85639
1.74396
3.29156
0.825872
3.11769
2.19059
2.40679
0.765403
3.21962
0.962718
2.92632
3.00077
3.03827
3.13527
2.54651
2.99794
1.56833
3.0552
1.23967
1.18748
1.42033
1.34749
2.67647
2.88133
2.32803
3.18194
3.28862
2.41111
3.1881
2.82607
2.74041
3.17714
2.8822
1.1998
1.24466
1.72781
3.20591
3.23587
1.70876
1.73534
2.48934
1.96814
0.956767
2.01738
2.39679
3.04242
2.91485
0.480972
0.448274
0.770881
1.33241
0.706978
0.493696
1.83225
3.0427
0.565303
1.99026
2.25566
3.02127
3.13395
1.60015
3.22658
1.48369
1.79426
2.34755
2.89636
2.66985
3.00703
2.94353
2.71656
3.02913
3.20756
1.66535
1.90227
3.1159
3.0348
1.98083
1.61631
3.15118
2.97791
2.90664
0.815594
1.42703
2.06407
2.00132
2.71767
2.36994
2.61768
1.62678
3.23979
3.16034
3.18973
3.12511
3.09034
3.2801
2.85278
3.08787
2.61388
2.72528
2.64848
2.97849
2.11434
1.35683
2.83832
1.52019
3.14362
0.987481
2.12289
3.2032
3.09729
0.686946
0.671099
0.954373
0.628439
2.8464
0.662814
0.612286
0.660835
3.01576
1.90407
1.59211
1.24985
1.69168
1.67663
2.73991
2.99156
3.14532
2.85713
2.57879
0.775035
0.645649
2.31117
0.806627
0.630263
1.74119
2.34677
2.37564
1.82748
3.16236
2.96231
2.85099
3.00046
3.16938
2.23769
0.722657
2.43135
2.97984
3.15504
1.74648
1.86169
3.22401
1.58297
1.94098
1.87358
2.8897
1.35491
2.99581
2.81366
0.698025
3.18192
2.87012
2.92277
2.80243
3.29702
2.95967
3.12231
3.26109
2.09081
2.90389
1.21181
2.9295
2.53192
0.782209
2.31609
2.5271
3.23196
3.0099
1.44582
2.68516
2.78149
2.65214
3.18354
3.01412
2.65825
1.62127
2.8999
1.33478
2.53064
3.09154
3.21402
3.20558
2.92306
3.27776
1.59256
1.61147
0.580221
0.573866
1.90404
3.23247
1.21986
2.70839
0.927581
2.08474
1.37282
1.22727
3.24999
1.78153
2.07611
2.88102
2.58822
2.36443
0.965416
2.09448
1.53471
3.19291
1.69485
3.25953
3.17926
1.54054
1.83948
1.32475
2.13728
3.21421
2.93597
2.83221
3.01356
1.81467
0.740267
3.03907
2.63439
1.53115
1.86014
1.51399
2.85714
1.77737
2.18294
1.67471
1.47178
3.09303
3.09685
1.88915
3.04647
2.30939
2.80299
1.65623
3.21695
3.29647
2.90296
2.95633
2.85321
3.23973
3.241
1.62871
0.93269
1.50023
2.98155
2.82798
1.85635
2.825
2.74454
2.83352
2.16455
2.56214
2.77273
2.63565
1.6969
2.9642
1.02469
2.82168
2.93647
3.25841
2.83372
2.94827
2.19556
2.37054
2.27656
1.26029
2.63323
3.08388
2.00492
2.84542
2.09519
2.87268
2.83798
2.32146
3.08555
3.22247
2.88488
2.84706
2.08402
1.68751
2.91464
2.73317
1.29853
1.31176
2.89032
2.65688
2.69673
2.89171
3.02964
2.8421
1.64659
2.43117
1.49537
0.92165
2.16769
2.83919
3.10632
2.67413
2.31938
1.21292
1.45358
2.89815
3.21553
3.00581
3.2731
2.75519
2.57763
2.99699
2.22998
3.13809
2.7815
3.12365
3.11367
0.669928
0.613874
0.655314
0.648325
2.95012
1.43695
1.06531
0.698244
0.690243
2.97775
0.709782
3.14846
2.38172
2.60806
1.18977
2.74339
1.07059
2.28249
2.01268
2.53929
1.84547
1.3253
3.27742
3.1276
2.44471
1.83384
2.93328
2.10779
1.89695
0.994938
2.30706
2.6713
1.99823
1.84519
1.64234
3.00661
1.11207
0.675583
0.702437
0.650742
3.09982
3.06894
0.641436
0.941414
3.10058
0.706049
3.27267
1.16286
2.97919
2.95478
0.745848
2.66006
0.777594
1.02896
2.99298
2.85695
1.67474
1.9798
1.4749
2.1872
3.12084
2.39829
2.73727
1.91062
2.03141
3.2724
2.21223
2.01548
3.13038
2.77562
2.97762
0.672838
0.63279
0.852259
3.05463
1.89346
2.37117
2.29126
1.65813
2.65641
1.802
1.8992
1.26367
1.33601
1.50325
3.16809
3.25057
1.43523
2.52037
3.15823
0.801284
0.694353
1.83737
2.00401
3.13558
3.00957
1.8494
1.71198
3.03393
3.12021
2.49566
2.96384
3.08803
2.32956
2.55758
3.17417
3.07306
1.88681
2.83781
3.20653
2.72622
3.1042
2.26134
3.058
2.27102
2.54551
3.26642
1.00931
2.37543
1.08536
2.4071
2.6811
2.8932
0.906044
1.4174
3.08594
1.76271
1.10881
1.66511
1.46953
2.87019
2.16989
1.78135
2.53178
2.93647
2.21411
2.3251
2.0288
1.90314
0.679041
2.69927
2.91299
1.20236
3.27728
2.72265
3.18259
2.97691
2.85041
1.07101
2.00311
1.537
2.90938
2.37693
2.8681
3.0512
2.75556
3.2334
3.16605
2.79331
0.95441
3.07828
2.96132
3.19484
2.45238
2.37701
2.44381
2.07799
3.0459
3.28692
2.46615
3.10465
2.30421
3.0804
3.04928
2.30704
1.47392
0.866569
1.58097
1.70531
2.43896
1.8163
2.17954
2.93615
1.04473
0.733269
0.736575
0.767846
0.614538
2.4614
0.689495
0.622371
2.78299
2.88412
3.03023
1.18873
2.62107
1.25606
3.0887
3.06493
2.68328
3.04006
2.84783
3.04154
2.98707
3.08368
3.20105
2.95533
1.83018
2.41922
1.98374
2.2159
2.04989
2.19801
1.32987
1.41743
2.79766
3.16261
0.733171
0.63514
0.736145
0.753909
0.675685
2.60524
3.07199
0.823507
2.90682
2.89546
3.0848
2.29798
3.14989
0.577383
2.07869
3.217
1.77435
1.54553
2.65325
1.26442
1.16285
0.921657
0.69369
2.75654
2.19987
2.69171
2.58218
2.22752
2.08926
3.06727
2.4712
3.22817
2.2809
2.40718
2.3188
2.58965
2.14063
3.15211
2.70051
1.66538
0.735132
1.65606
1.2583
1.26264
1.44041
3.23953
2.80569
2.74091
2.11489
2.21048
3.25805
2.6219
2.88954
2.81535
2.81717
3.28394
3.21666
3.24393
2.58544
2.77248
2.99105
3.11669
1.62659
0.857577
2.72311
2.16195
1.84403
3.06735
2.56603
0.64655
0.903009
2.7291
2.49673
0.835784
0.963344
2.24043
3.14044
2.21143
2.91138
2.1071
1.74599
1.77032
0.672184
2.30251
2.37633
3.19334
2.90958
1.4087
2.82537
1.70487
2.51836
2.66756
3.23689
2.61516
2.61853
2.85045
2.80278
2.94401
3.01956
2.59749
2.42436
2.83367
2.7988
3.11868
2.66503
3.24101
2.99665
2.97823
2.44001
2.8933
2.04633
2.0711
2.74931
2.74812
2.56131
3.0074
2.8245
1.87646
3.0965
1.00826
3.0897
0.860737
2.90046
2.06635
2.9224
1.42663
1.21986
3.16669
1.35231
2.8871
2.96636
1.9543
2.84426
3.13534
2.66541
2.44429
3.25175
3.03504
3.03891
2.93788
2.96646
0.880009
0.675155
0.667263
2.47643
3.15165
2.93472
2.5859
3.28487
2.70481
3.17586
2.80331
2.92186
3.24982
3.26514
2.4695
2.45856
3.03984
3.1849
2.58623
2.6493
3.23075
2.74304
2.56994
3.15279
3.08694
3.13374
2.72036
2.76153
2.87131
2.45308
2.94393
2.61768
2.82346
2.97151
2.52395
2.58976
3.19871
3.06199
2.71559
2.96874
2.81273
